New wave every 35 seconds (Tier 1).
Assume 10 hour run time. 36000 seconds.
====================================================================================================
Cooldown (GT) = 200 sec
Duration(GT)   Cycle[s]   GT/cycle  Waves/cycle  Overlaps/cycle  Full cycles  Total overlaps
----------------------------------------------------------------------------------------------------
          28       1400          7           40               6           25             150
          29       1400          7           40               6           25             150
          30       1400          7           40               6           25             150
          31       1400          7           40               7           25             175
          32       1400          7           40               7           25             175
          33       1400          7           40               7           25             175
          34       1400          7           40               7           25             175
          35       1400          7           40               7           25             175
          36       1400          7           40               8           25             200
          37       1400          7           40               8           25             200

====================================================================================================
Cooldown (GT) = 210 sec
Duration(GT)   Cycle[s]   GT/cycle  Waves/cycle  Overlaps/cycle  Full cycles  Total overlaps
----------------------------------------------------------------------------------------------------
          28        210          1            6               1          171             171
          29        210          1            6               1          171             171
          30        210          1            6               1          171             171
          31        210          1            6               1          171             171
          32        210          1            6               1          171             171
          33        210          1            6               1          171             171
          34        210          1            6               1          171             171
          35        210          1            6               1          171             171
          36        210          1            6               2          171             342
          37        210          1            6               2          171             342

====================================================================================================
Cooldown (GT) = 220 sec
Duration(GT)   Cycle[s]   GT/cycle  Waves/cycle  Overlaps/cycle  Full cycles  Total overlaps
----------------------------------------------------------------------------------------------------
          28       1540          7           44               6           23             138
          29       1540          7           44               6           23             138
          30       1540          7           44               6           23             138
          31       1540          7           44               7           23             161
          32       1540          7           44               7           23             161
          33       1540          7           44               7           23             161
          34       1540          7           44               7           23             161
          35       1540          7           44               7           23             161
          36       1540          7           44               8           23             184
          37       1540          7           44               8           23             184

====================================================================================================
Cooldown (GT) = 230 sec
Duration(GT)   Cycle[s]   GT/cycle  Waves/cycle  Overlaps/cycle  Full cycles  Total overlaps
----------------------------------------------------------------------------------------------------
          28       1610          7           46               6           22             132
          29       1610          7           46               6           22             132
          30       1610          7           46               6           22             132
          31       1610          7           46               7           22             154
          32       1610          7           46               7           22             154
          33       1610          7           46               7           22             154
          34       1610          7           46               7           22             154
          35       1610          7           46               7           22             154
          36       1610          7           46               8           22             176
          37       1610          7           46               8           22             176

====================================================================================================
Cooldown (GT) = 240 sec
Duration(GT)   Cycle[s]   GT/cycle  Waves/cycle  Overlaps/cycle  Full cycles  Total overlaps
----------------------------------------------------------------------------------------------------
          28       1680          7           48               6           21             126
          29       1680          7           48               6           21             126
          30       1680          7           48               6           21             126
          31       1680          7           48               7           21             147
          32       1680          7           48               7           21             147
          33       1680          7           48               7           21             147
          34       1680          7           48               7           21             147
          35       1680          7           48               7           21             147
          36       1680          7           48               8           21             168
          37       1680          7           48               8           21             168

====================================================================================================
Cooldown (GT) = 250 sec
Duration(GT)   Cycle[s]   GT/cycle  Waves/cycle  Overlaps/cycle  Full cycles  Total overlaps
----------------------------------------------------------------------------------------------------
          28       1750          7           50               6           20             120
          29       1750          7           50               6           20             120
          30       1750          7           50               6           20             120
          31       1750          7           50               7           20             140
          32       1750          7           50               7           20             140
          33       1750          7           50               7           20             140
          34       1750          7           50               7           20             140
          35       1750          7           50               7           20             140
          36       1750          7           50               8           20             160
          37       1750          7           50               8           20             160

====================================================================================================
Cooldown (GT) = 260 sec
Duration(GT)   Cycle[s]   GT/cycle  Waves/cycle  Overlaps/cycle  Full cycles  Total overlaps
----------------------------------------------------------------------------------------------------
          28       1820          7           52               6           19             114
          29       1820          7           52               6           19             114
          30       1820          7           52               6           19             114
          31       1820          7           52               7           19             133
          32       1820          7           52               7           19             133
          33       1820          7           52               7           19             133
          34       1820          7           52               7           19             133
          35       1820          7           52               7           19             133
          36       1820          7           52               8           19             152
          37       1820          7           52               8           19             152

====================================================================================================
Cooldown (GT) = 270 sec
Duration(GT)   Cycle[s]   GT/cycle  Waves/cycle  Overlaps/cycle  Full cycles  Total overlaps
----------------------------------------------------------------------------------------------------
          28       1890          7           54               6           19             114
          29       1890          7           54               6           19             114
          30       1890          7           54               6           19             114
          31       1890          7           54               7           19             133
          32       1890          7           54               7           19             133
          33       1890          7           54               7           19             133
          34       1890          7           54               7           19             133
          35       1890          7           54               7           19             133
          36       1890          7           54               8           19             152
          37       1890          7           54               8           19             152

====================================================================================================
Cooldown (GT) = 280 sec
Duration(GT)   Cycle[s]   GT/cycle  Waves/cycle  Overlaps/cycle  Full cycles  Total overlaps
----------------------------------------------------------------------------------------------------
          28        280          1            8               1          128             128
          29        280          1            8               1          128             128
          30        280          1            8               1          128             128
          31        280          1            8               1          128             128
          32        280          1            8               1          128             128
          33        280          1            8               1          128             128
          34        280          1            8               1          128             128
          35        280          1            8               1          128             128
          36        280          1            8               2          128             256
          37        280          1            8               2          128             256

====================================================================================================
Cooldown (GT) = 290 sec
Duration(GT)   Cycle[s]   GT/cycle  Waves/cycle  Overlaps/cycle  Full cycles  Total overlaps
----------------------------------------------------------------------------------------------------
          28       2030          7           58               6           17             102
          29       2030          7           58               6           17             102
          30       2030          7           58               6           17             102
          31       2030          7           58               7           17             119
          32       2030          7           58               7           17             119
          33       2030          7           58               7           17             119
          34       2030          7           58               7           17             119
          35       2030          7           58               7           17             119
          36       2030          7           58               8           17             136
          37       2030          7           58               8           17             136

====================================================================================================
Cooldown (GT) = 300 sec
Duration(GT)   Cycle[s]   GT/cycle  Waves/cycle  Overlaps/cycle  Full cycles  Total overlaps
----------------------------------------------------------------------------------------------------
          28       2100          7           60               6           17             102
          29       2100          7           60               6           17             102
          30       2100          7           60               6           17             102
          31       2100          7           60               7           17             119
          32       2100          7           60               7           17             119
          33       2100          7           60               7           17             119
          34       2100          7           60               7           17             119
          35       2100          7           60               7           17             119
          36       2100          7           60               8           17             136
          37       2100          7           60               8           17             136

